460 526 62
975 16
577 800 616 647 498 54 694 586 309 896 715 599 263 597 126 819
522 54
766 716 935 657 453 24 665 316 835 543 877 809 858 806 960 826 804 457 879 498 394 539 745 460 137 359 56 614 177 578 767 942 645 702 598 97 725 615 412 911 157 641 719 366 798 31 191 601 487 421 450 233 959 194
692 48
552 748 61 729 677 828 22 673 529 972 769 605 938 532 515 446 524 585 811 321 615 354 922 454 774 723 686 85 917 820 476 944 900 504 771 176 651 893 296 607 182 473 627 351 410 437 672 24
142 45
829 916 667 866 352 935 595 235 107 70 530 6 926 301 927 101 303 171 397 262 576 734 978 143 767 949 519 908 245 347 175 264 213 878 198 159 464 304 580 994 662 505 646 940 958
948 63
706 561 814 281 295 144 558 789 262 507 659 521 751 6 696 14 570 925 564 80 389 219 382 880 164 27 172 473 326 634 178 887 799 810 533 942 367 321 555 873 980 76 976 337 123 341 258 47 904 435 475 347 816 510 194 877 982 520 511 758 309 320 290
602 87
962 157 911 941 584 886 629 706 579 238 752 482 926 539 308 273 14 134 900 890 116 771 978 528 412 298 169 13 984 130 521 246 423 104 484 51 809 62 641 913 895 566 451 203 838 156 568 972 55 439 177 560 768 56 971 65 224 336 400 354 856 646 776 312 129 178 472 542 818 384 436 186 990 573 342 557 896 748 366 686 277 925 454 332 248 870 556
935 70
909 142 267 36 453 747 213 277 288 31 12 723 766 198 713 690 891 621 586 638 986 623 914 263 76 598 862 298 153 796 567 413 937 185 448 742 931 660 18 218 29 292 807 578 356 497 468 977 434 458 962 56 576 484 320 437 781 472 232 699 884 521 883 331 262 813 343 631 382 384
659 73
191 589 381 687 56 357 472 865 670 527 588 246 10 907 682 790 731 266 840 966 786 722 649 47 534 991 29 267 726 940 916 627 672 954 683 380 425 899 49 304 486 646 313 745 680 455 827 297 294 144 82 16 792 480 901 134 508 168 860 546 459 127 173 130 433 207 861 857 105 261 160 943 825
39 38
631 865 234 924 8 667 291 152 146 544 637 5 711 848 550 521 975 74 2 759 280 862 967 737 122 479 679 380 303 69 317 933 902 208 292 568 499 795
65 42
432 69 104 631 619 976 957 692 977 715 324 190 682 412 311 160 442 43 462 510 711 746 613 953 85 532 803 880 597 196 663 665 651 293 635 626 250 679 954 964 354 143
645 65
806 156 206 848 969 715 558 714 508 522 19 592 406 173 823 2 721 485 18 371 778 5 349 379 683 302 342 388 797 339 152 602 846 357 801 815 423 710 880 930 232 898 873 989 696 990 143 180 359 865 309 363 565 687 397 219 381 784 15 719 935 968 916 643 768
730 17
477 610 346 60 859 571 48 281 266 389 775 797 748 992 106 110 908
792 7
126 524 642 492 594 577 459
510 71
226 239 988 55 848 685 114 59 255 514 339 520 902 466 317 649 809 774 111 716 917 969 842 441 610 333 34 538 144 895 109 721 134 448 775 132 241 391 387 754 82 258 655 899 926 656 707 699 766 422 616 86 263 408 695 948 233 443 336 693 163 821 140 290 153 623 530 896 361 635 329
619 41
227 896 296 933 595 413 354 562 850 969 545 268 761 129 710 448 821 224 312 513 773 934 394 20 295 28 348 265 21 926 512 668 858 106 81 563 19 930 531 339 826
150 100
306 859 547 478 83 167 789 947 291 75 341 310 721 720 9 337 740 934 848 408 791 840 705 324 121 588 663 299 737 114 604 948 12 82 30 178 222 976 820 296 668 129 368 388 489 704 127 422 904 886 564 209 725 621 884 198 208 898 496 944 11 99 891 23 180 272 552 754 600 724 49 267 204 769 654 693 472 133 466 727 370 935 95 650 819 644 857 716 139 152 79 237 395 453 666 356 522 617 922 283
690 89
975 514 373 440 240 743 821 527 189 470 697 832 678 764 970 182 842 558 576 294 593 650 199 210 728 473 93 10 333 336 379 706 776 971 448 596 497 636 418 193 819 447 956 788 628 150 345 555 795 375 500 444 573 709 524 397 153 885 263 837 641 542 348 611 341 295 459 328 64 3 146 511 311 933 490 460 630 254 4 896 50 928 925 677 108 161 939 944 733
579 38
432 542 178 727 1000 506 142 3 651 4 665 936 494 124 565 242 729 920 137 130 199 92 406 875 551 567 813 846 299 744 683 83 285 213 809 636 718 302
990 20
306 654 655 151 129 571 392 858 842 880 339 41 971 745 267 873 311 432 718 961
175 53
43 811 965 203 798 34 505 788 753 162 793 760 312 922 330 703 131 172 582 821 212 904 565 830 128 227 261 197 540 787 949 597 265 137 395 650 993 534 403 154 678 465 599 843 519 81 14 100 902 577 355 818 407
482 45
19 678 584 806 979 517 402 595 653 148 245 645 33 999 798 711 512 614 661 706 132 742 720 583 995 648 289 812 406 122 856 425 152 791 230 130 660 983 76 312 483 672 309 515 22
458 25
885 72 886 591 555 979 662 490 973 309 778 784 67 900 992 491 51 134 532 793 54 959 457 536 631
765 3
4 222 627
889 45
864 831 552 194 492 41 166 152 170 302 218 69 645 708 471 778 779 354 571 185 313 27 72 295 143 474 298 716 453 538 713 668 368 264 862 211 656 363 825 328 580 246 972 288 102
418 22
24 954 734 402 26 380 544 851 29 259 303 567 971 286 586 832 497 241 210 859 418 890
438 63
213 77 730 314 847 151 337 152 236 738 529 615 633 380 644 244 34 210 566 356 539 343 744 749 553 161 990 991 175 202 419 257 868 617 407 556 769 643 646 297 609 278 676 252 521 62 813 87 417 660 590 308 354 685 408 907 198 397 249 372 950 667 628
169 84
387 725 52 381 370 700 989 999 728 241 520 789 53 958 557 64 899 864 418 583 623 324 780 19 572 152 321 590 131 489 873 869 213 276 249 934 328 933 55 182 804 195 234 113 751 650 11 967 67 593 589 390 373 960 313 876 280 902 358 120 127 579 685 754 827 618 81 768 135 949 57 329 535 169 432 184 531 398 250 124 338 991 848 297
303 75
928 204 784 48 682 362 84 436 541 701 516 308 955 651 257 11 331 791 180 762 326 710 511 575 185 849 565 384 497 219 458 425 774 594 824 456 907 891 495 959 406 803 913 408 411 276 739 553 455 500 878 804 53 211 720 707 938 246 483 711 839 306 166 793 564 56 640 875 814 442 139 221 414 756 220
811 85
88 173 788 140 383 859 927 89 796 524 572 858 362 229 376 507 145 783 498 371 596 291 509 169 494 275 479 601 289 585 581 813 724 72 195 582 351 636 729 874 559 938 588 787 313 446 283 96 943 653 691 233 514 726 338 678 633 978 262 566 791 337 637 270 339 972 350 213 530 287 800 669 600 245 303 695 539 308 737 771 821 948 848 960 525
944 66
138 509 108 474 498 445 95 836 416 444 48 298 82 199 318 681 795 620 727 333 927 816 103 99 115 950 410 751 354 68 611 862 176 436 711 530 547 387 325 594 684 407 145 353 439 939 973 518 272 251 374 702 447 676 111 549 149 616 112 678 791 388 429 286 753 880
184 11
376 537 302 314 509 819 585 111 503 311 812
301 86
275 849 486 90 816 597 119 607 496 859 368 924 144 868 28 375 52 539 750 588 192 64 448 10 1000 558 512 310 722 164 647 996 12 133 437 179 729 556 785 224 766 505 147 261 372 527 636 775 65 737 362 256 152 809 617 504 367 480 813 88 643 460 435 6 944 871 184 672 778 321 248 543 177 746 804 900 272 791 675 688 879 36 295 383 845 263
886 63
742 50 2 736 861 436 741 804 658 277 828 597 75 330 125 820 485 24 444 627 698 483 858 86 778 240 282 40 477 844 134 526 197 869 387 984 962 190 641 238 17 428 186 443 758 310 615 594 333 58 573 383 892 430 468 669 749 61 145 944 194 22 140
414 8
123 727 950 763 316 318 543 501
113 52
162 727 245 847 136 817 229 27 246 696 48 266 796 108 762 739 653 230 418 895 352 145 844 466 460 514 8 313 626 659 474 704 256 320 191 424 900 217 22 947 616 287 742 723 401 832 536 61 430 764 641 452
491 37
764 468 248 590 523 855 261 713 278 161 281 299 459 897 938 553 971 338 384 698 225 797 842 6 560 834 983 141 285 825 730 401 292 977 990 814 831
602 78
460 114 159 759 573 407 696 125 377 385 860 74 609 8 267 966 920 100 949 60 737 773 789 137 417 117 478 582 299 79 812 545 970 517 469 376 564 945 752 948 156 178 908 164 444 225 83 896 525 142 632 650 283 768 66 399 597 999 698 27 810 808 571 131 676 391 858 239 335 962 538 491 139 445 654 934 669 88
829 94
229 812 843 511 931 260 262 527 610 311 906 420 118 476 902 793 867 760 383 553 73 920 43 211 364 48 496 384 135 677 929 716 488 123 578 771 382 839 297 344 501 202 763 970 30 16 762 248 775 800 847 415 195 409 130 594 257 514 729 933 794 796 772 917 373 542 650 564 993 64 392 107 34 773 147 20 249 643 172 448 718 208 539 464 404 39 396 197 186 168 465 559 709 115
122 99
459 537 643 566 570 415 40 69 787 288 63 310 87 471 27 295 361 689 758 764 80 154 961 265 673 425 823 733 891 296 984 702 833 978 619 754 744 658 822 882 297 236 191 384 707 569 678 67 258 183 337 292 143 601 964 919 776 49 162 71 863 903 481 9 456 490 182 338 786 418 528 521 476 449 550 894 706 76 394 628 346 944 841 121 992 2 192 727 216 446 696 454 542 636 231 322 405 759 195
880 59
744 773 616 80 849 9 708 770 354 651 610 827 994 963 370 720 178 815 158 225 621 699 761 608 282 435 12 392 629 891 950 372 663 565 452 863 925 511 985 630 161 594 456 506 557 177 86 992 382 311 964 432 71 571 713 857 582 104 485
472 5
857 486 969 660 701
245 70
685 875 682 630 187 186 859 411 624 850 144 934 165 575 356 735 640 213 668 95 49 139 500 257 976 820 916 28 65 85 712 939 766 694 620 952 231 478 714 854 679 857 843 784 495 929 423 59 596 869 107 86 368 716 414 188 631 441 252 68 505 542 833 198 161 137 428 991 634 21
59 72
216 842 266 144 616 676 92 836 135 177 204 850 590 743 832 31 346 899 535 887 732 84 399 220 863 741 421 496 762 479 268 977 672 885 472 639 561 563 475 47 740 678 248 681 772 79 711 117 978 597 355 61 680 753 280 895 846 700 390 607 531 657 583 202 542 406 841 454 969 315 852 708
344 99
388 467 177 451 583 154 399 289 214 431 393 493 325 238 545 714 844 75 371 778 276 264 184 468 69 152 134 920 211 477 18 950 943 194 400 877 700 799 517 913 229 910 758 553 147 302 618 343 728 340 120 355 603 655 823 671 158 956 942 368 785 959 670 727 505 421 204 219 472 381 225 703 880 878 321 222 605 660 693 960 615 637 857 89 579 577 873 889 598 952 259 948 589 730 416 387 463 992 442
342 70
114 915 826 125 959 137 739 658 622 728 867 711 306 795 935 194 392 886 939 409 496 997 226 301 736 40 645 177 733 866 290 647 43 414 957 532 505 967 153 232 185 215 889 979 150 434 722 387 372 482 883 610 479 460 910 566 499 906 94 231 771 383 229 814 148 537 345 4 503 497
235 87
712 123 17 213 909 738 599 280 220 833 889 50 292 151 615 790 56 708 372 179 442 952 992 941 489 688 945 343 536 531 382 6 398 811 914 488 762 545 59 594 434 108 886 936 74 27 133 751 521 926 702 864 866 542 551 162 237 439 693 618 37 367 848 963 854 609 507 912 202 371 579 796 818 922 928 568 794 205 621 658 71 515 560 584 998 628 368
35 77
734 882 991 940 842 850 851 43 141 574 834 72 369 651 993 649 570 786 853 190 795 275 56 707 859 806 704 838 525 90 515 259 323 505 198 164 354 400 559 847 325 744 918 694 394 262 963 399 546 504 173 560 252 383 365 307 220 890 397 500 71 591 49 587 296 800 145 494 125 240 763 818 633 24 863 947 775
408 2
320 580
361 23
962 78 229 534 319 977 267 170 48 209 218 634 505 17 130 998 493 369 761 662 353 136 524
651 10
284 452 581 215 813 503 177 242 732 62
912 60
328 81 107 537 650 92 393 18 573 390 511 293 502 172 645 638 48 295 547 331 99 480 545 263 982 73 504 65 134 415 125 462 847 583 350 496 27 742 513 599 483 375 244 985 899 240 622 946 535 520 276 999 820 247 333 893 750 397 26 516
873 39
714 456 540 209 834 633 73 784 116 800 27 100 698 267 643 153 592 918 137 943 89 383 275 333 484 671 711 999 896 549 712 351 441 272 536 696 319 188 495
346 39
192 964 711 834 116 655 103 252 949 544 986 223 876 469 245 586 819 140 487 882 842 279 153 377 351 848 48 891 343 393 881 886 708 592 72 823 598 174 426
546 69
411 120 945 879 364 882 49 856 720 930 998 82 778 349 281 825 591 975 569 471 861 276 414 932 98 11 457 523 908 526 285 379 822 515 95 703 563 950 423 492 772 573 775 472 205 951 62 180 519 885 40 794 298 971 891 661 427 765 920 304 401 299 125 915 393 828 829 342 602
320 91
373 244 818 197 449 120 258 628 639 142 19 432 792 341 675 452 767 791 371 423 192 21 547 458 413 726 287 106 679 958 149 52 202 318 600 650 437 857 629 75 351 999 859 494 339 533 297 457 323 667 879 866 40 426 676 151 962 558 830 919 58 233 472 375 184 473 811 101 238 742 99 96 587 789 980 883 246 302 902 124 520 941 901 195 392 508 301 778 358 817 250
84 100
722 247 391 175 484 485 625 931 71 414 910 954 11 563 855 134 434 795 35 980 538 438 487 839 22 617 548 838 218 632 189 291 230 579 817 65 415 442 995 486 207 904 791 217 818 997 702 252 736 231 680 525 70 518 546 38 418 735 255 401 923 545 630 854 714 694 268 155 688 105 713 943 895 281 112 891 982 715 33 946 367 582 492 404 351 226 10 751 501 906 380 354 619 425 973 125 464 78 758 324
469 70
567 803 584 951 224 881 15 169 599 949 660 2 299 238 363 50 90 621 781 443 239 206 767 716 21 844 904 779 520 373 648 438 527 583 388 750 464 403 918 62 351 930 416 649 167 778 256 831 989 816 56 408 12 959 186 883 683 185 320 209 768 707 958 231 461 876 644 811 805 59
812 23
189 213 930 938 395 979 278 782 146 333 542 509 644 79 391 326 264 710 887 383 769 844 965
229 71
608 392 227 667 203 549 207 415 830 144 810 160 774 943 306 458 836 166 101 267 557 779 530 618 665 264 738 860 228 967 283 835 358 509 853 912 410 59 678 591 555 839 751 328 134 408 785 969 573 238 235 481 368 116 451 32 379 188 243 958 154 877 793 863 386 997 147 56 804 737 962
642 39
641 775 246 425 744 171 14 330 3 381 446 453 764 176 993 359 134 498 235 278 361 972 626 486 470 33 289 559 994 283 397 634 57 995 411 152 165 776 482
167 57
279 972 272 806 964 630 291 461 217 920 821 188 546 659 10 578 299 568 924 581 557 638 958 319 141 474 95 974 993 251 252 874 410 927 856 700 739 72 620 912 611 517 570 94 868 539 17 801 503 926 790 812 244 930 338 904 940
507 45
166 916 871 21 968 609 444 587 520 406 103 441 378 548 661 917 461 770 842 250 934 85 531 571 775 434 552 714 293 496 879 208 366 251 527 326 694 113 198 100 567 990 477 467 650
